     0           186       -1      -1    49
     1     a      64       -1      -1    44
     2     b      13       -1      -1    32
     3     c      22       -1      -1    36
     4     d      32       -1      -1    38
     5     e     103       -1      -1    47
     6     f      21       -1      -1    35
     7     g      15       -1      -1    32
     8     h      47       -1      -1    40
     9     i      57       -1      -1    42
    10     j       1       -1      -1    27
    11     k       5       -1      -1    30
    12     l      32       -1      -1    38
    13     m      20       -1      -1    35
    14     n      57       -1      -1    42
    15     o      63       -1      -1    43
    16     p      15       -1      -1    33
    17     q       1       -1      -1    27
    18     r      48       -1      -1    41
    19     s      51       -1      -1    41
    20     t      80       -1      -1    45
    21     u      23       -1      -1    36
    22     v       8       -1      -1    31
    23     w      18       -1      -1    34
    24     x       1       -1      -1    28
    25     y      16       -1      -1    33
    26     z       1       -1      -1    28
    27             2       10      17    29
    28             2       24      26    29
    29             4       27      28    30
    30             9       11      29    31
    31            17       22      30    34
    32            28        2       7    37
    33            31       16      25    37
    34            35       23      31    39
    35            41        6      13    39
    36            45        3      21    40
    37            59       32      33    43
    38            64        4      12    44
    39            76       34      35    45
    40            92        8      36    46
    41            99       18      19    46
    42           114        9      14    47
    43           122       15      37    48
    44           128        1      38    48
    45           156       20      39    49
    46           191       40      41    50
    47           217        5      42    50
    48           250       43      44    51
    49           342        0      45    51
    50           408       46      47    52
    51           592       48      49    52
    52          1000       50      51    -1

