16
1 图书馆 丰富的藏书资源，自习的好地方
2 体育馆 飞碟邀星，杭州亚运会击剑场馆
3 一教 计算机学院，通信工程学院
4 二教 自动化学院，电子学院，机械学院
5 三教 外国语学院
6 四教 前沿科学技术研究中心
7 六教 理学院
8 七教 设备新颖
9 九教 经济，会计，人艺数法学院
10 十教 卓越学院，国际教育学院
11 十一教 圣光机学院
12 十二教 一般上公共课的地方
13 学生活动中心 举办文艺活动的场所，各个社团活动的地方
14 行政楼 不定时有书法展览
15 月雅湖 杭电3A级景区，拥有美丽的湖和喷泉
16 南大门 学校的正大门
24
1 2 256
1 7 122
1 8 262
1 13 250
2 6 225
2 7 310
3 4 266
3 5 226
3 15 76
4 6 94
4 14 244
5 6 473
5 8 174
5 12 196
6 7 87
7 8 384
8 12 139
8 13 162
9 10 50
9 11 56
10 12 75
11 12 94
14 16 144
15 16 78

